12
0 0 255 102400 50512 131072 6422528 6422528 1
1 0 0 118784 451920 1179648 6422528 6422528 1
2 0 1 108544 50512 524288 6422528 25690112 1
3 0 2 690176 479568 37748736 6422528 12845056 1
4 1 255 147456 8528 8388608 1048576 4194304 1
5 1 4 196608 33104 8388608 4194304 1048576 1
6 1 5 49152 8528 2097152 1048576 1048576 1
7 1 6 49152 8528 2097152 1048576 1048576 1
8 2 255 8336 37200 9216 524288 16777216 1
9 2 8 74752 295248 589824 4194304 8388608 1
10 2 9 140288 590160 589824 8388608 4194304 1
11 2 10 264448 1179984 147456 16777216 8388608 1
