12
0 0 255 51200 25256 65536 3211264 3211264 1
1 0 0 59392 225960 589824 3211264 3211264 1
2 0 1 54272 25256 262144 3211264 12845056 1
3 0 2 345088 239784 18874368 3211264 6422528 1
4 1 255 73728 4264 4194304 524288 2097152 1
5 1 4 98304 16552 4194304 2097152 524288 1
6 1 5 24576 4264 1048576 524288 524288 1
7 1 6 24576 4264 1048576 524288 524288 1
8 2 255 4168 18600 4608 262144 8388608 1
9 2 8 37376 147624 294912 2097152 4194304 1
10 2 9 70144 295080 294912 4194304 2097152 1
11 2 10 132224 589992 73728 8388608 4194304 1
