12
0 0 255 25600 12628 32768 1605632 1605632 1
1 0 0 29696 112980 294912 1605632 1605632 1
2 0 1 27136 12628 131072 1605632 6422528 1
3 0 2 172544 119892 9437184 1605632 3211264 1
4 1 255 36864 2132 2097152 262144 1048576 1
5 1 4 49152 8276 2097152 1048576 262144 1
6 1 5 12288 2132 524288 262144 262144 1
7 1 6 12288 2132 524288 262144 262144 1
8 2 255 2084 9300 2304 131072 4194304 1
9 2 8 18688 73812 147456 1048576 2097152 1
10 2 9 35072 147540 147456 2097152 1048576 1
11 2 10 66112 294996 36864 4194304 2097152 1
