24
0 0 255 5120 533 262144 65536 32768 1
1 0 0 1536 277 65536 32768 16384 1
2 0 1 5120 533 262144 65536 32768 1
3 0 2 1024 277 32768 32768 8192 1
4 1 255 2560 277 131072 32768 131072 1
5 1 4 4096 1045 131072 131072 32768 1
6 1 5 1024 277 32768 32768 32768 1
7 1 6 2560 277 131072 32768 131072 1
8 2 255 123 453 1728 6144 65536 1
9 2 8 352 149 6144 16384 49152 1
10 2 9 3360 3477 165888 49152 49152 1
11 2 10 960 405 12288 49152 32768 1
12 3 255 42 138 1152 1568 100352 1
13 3 12 2720 7509 73728 100352 100352 1
14 3 13 2688 1749 147456 24576 49152 1
15 3 14 4800 1173 294912 12288 12288 1
16 4 255 6400 3157 8192 401408 401408 1
17 4 16 7424 28245 73728 401408 401408 1
18 4 17 6784 3157 32768 401408 1605632 1
19 4 18 43136 29973 2359296 401408 802816 1
20 5 255 521 2325 576 32768 1048576 1
21 5 20 4672 18453 36864 262144 524288 1
22 5 21 8768 36885 36864 524288 262144 1
23 5 22 16528 73749 9216 1048576 524288 1
