16
0 0 255 7424 28245 73728 401408 401408 1
1 0 0 7744 14997 294912 200704 200704 1
2 0 1 20000 9237 1179648 100352 100352 1
3 0 2 74512 4629 4718592 50176 50176 1
4 1 255 5120 533 262144 65536 32768 1
5 1 4 1536 277 65536 32768 16384 1
6 1 5 5120 533 262144 65536 32768 1
7 1 6 1024 277 32768 32768 8192 1
8 2 255 1536 533 32768 65536 65536 1
9 2 8 2048 533 65536 65536 131072 1
10 2 9 2048 533 65536 65536 32768 1
11 2 10 768 277 16384 32768 16384 1
12 3 255 6144 789 294912 98304 393216 1
13 3 12 10752 3093 294912 393216 98304 1
14 3 13 2688 789 73728 98304 98304 1
15 3 14 2688 789 73728 98304 98304 1
