16
0 0 255 42 138 1152 1568 100352 1
1 0 0 2720 7509 73728 100352 100352 1
2 0 1 2688 1749 147456 24576 49152 1
3 0 2 4800 1173 294912 12288 12288 1
4 1 255 2560 277 131072 32768 131072 1
5 1 4 4096 1045 131072 131072 32768 1
6 1 5 1024 277 32768 32768 32768 1
7 1 6 2560 277 131072 32768 131072 1
8 2 255 146 597 1152 8192 524288 1
9 2 8 4352 9237 147456 131072 262144 1
10 2 9 6400 18453 147456 262144 131072 1
11 2 10 8768 36885 36864 524288 262144 1
12 3 255 937 1749 36864 23104 46208 1
13 3 12 2504 1173 147456 12800 25600 1
14 3 13 9316 1173 589824 6400 12800 1
15 3 14 18504 2325 1179648 4608 4608 1
